           2          11           0           0        2721        2774
           2          11           0           1        2588        2626
           2          11           0           2        2717        2769
           2          11           0           3        2640        2673
           2          11           0           4        2412        2749
           2          11           0           5        2496        2807
           2          11           0           6        2410        2800
           2          11           0           7        2392        2768
           2          11           0           8        2667        2731
           2          11           0           9        2578        2638
           2          11           0          10        2598        2666
           2          11           0          11        2673        2729
           2          11           0          12        2628        2689
           2          11           0          13        2755        2793
           2          11           0          14        2606        2686
           2          11           0          15        2710        2742
